№       Название       Год       Цена           Реставрация    Высота         

1       Н.В.Гоголю     1962      120            1              3              

2       В.Н.Карвату    1996      200            0              5              

3       Штык           1971      1450           0              100            

4       Мужество       1971      4160           0              36             

5       Звезда         1970      3500           1              10             

6       привет         1999      99             1              19.9           

7       пока           1555      55             0              15.5           

